[[0.0, 0.6402087569236755, 0.7017489075660706, 0.7500611424446106, 0.8144920706748963, 0.6849563598632813, 0.669482672214508, 0.6474762797355652, 0.6565014123916626, 0.5753803849220276, 0.5447342157363891, 0.5201748251914978, 0.5714080929756165, 0.6335449934005737, 0.6375283479690552, 0.6641759634017944, 0.5651740431785583, 0.6123906254768372, 0.5577978014945983, 0.5665178537368774, 0.585335087776184, 0.6450037002563476, 0.7751478791236877, 0.7765896797180176, 0.7379474401473999, 0.7427388668060302, 0.7299105167388916, 0.7387335181236268], [0.6402087569236755, 0.0, 0.701021420955658, 0.731157088279724, 0.7315736174583435, 0.6955588579177856, 0.6688723444938659, 0.7904013514518737, 0.6433266758918762, 0.6485278248786926, 0.6798266649246216, 0.6931326150894166, 0.6888516783714295, 0.7188305139541626, 0.696367359161377, 0.6640406608581543, 0.6625365138053894, 0.6707932233810425, 0.6892756938934327, 0.7384951114654541, 0.725191593170166, 0.7049653410911559, 0.6485267281532288, 0.6487641215324402, 0.659551990032196, 0.7353506088256836, 0.7393337011337281, 0.7178971409797669], [0.7017489075660706, 0.701021420955658, 0.0, 0.7700879693031311, 0.7556602716445923, 0.6949959993362427, 0.6499693393707275, 0.7346087813377381, 0.646634542942047, 0.6324231028556824, 0.6269977331161498, 0.6022629261016845, 0.6270699024200439, 0.6854010820388794, 0.6836416959762573, 0.6705596327781677, 0.6133145093917847, 0.6690817475318909, 0.6029228687286377, 0.6728062987327575, 0.6808818936347962, 0.7301546573638916, 0.8608827114105224, 0.6979761719703674, 0.6769719243049622, 0.7388897776603698, 0.7648223042488098, 0.7872107148170471], [0.7500611424446106, 0.731157088279724, 0.7700879693031311, 0.0, 0.81042001247406, 0.7121207833290101, 0.680029821395874, 0.7224908232688904, 0.6476850628852844, 0.6246376156806945, 0.5880794644355773, 0.5562739491462707, 0.6000117182731628, 0.6726505875587463, 0.6577104091644287, 0.666187596321106, 0.5919870853424072, 0.6174958348274231, 0.602244246006012, 0.6254950404167176, 0.7112837433815002, 0.7301050305366517, 0.7938133955001831, 0.8026587963104248, 0.7013391137123108, 0.8112384796142578, 0.8112409234046937, 0.8686134338378907], [0.8144920706748963, 0.7315736174583435, 0.7556602716445923, 0.81042001247406, 0.0, 0.7916322946548462, 0.7585463404655456, 0.7623249530792235, 0.6219359517097474, 0.6273955464363098, 0.6090361952781677, 0.5875802278518677, 0.6487318634986877, 0.719558823108673, 0.7323321580886841, 0.7010906577110291, 0.6097653269767761, 0.6748981356620789, 0.6272060990333557, 0.6583584904670715, 0.6935734510421754, 0.765568196773529, 0.7799389004707337, 0.8160165548324585, 0.7051063418388366, 0.7701553106307983, 0.8513600945472718, 0.8513025283813477], [0.6849563598632813, 0.6955588579177856, 0.6949959993362427, 0.7121207833290101, 0.7916322946548462, 0.0, 0.7730363726615906, 0.7235795974731446, 0.6596974492073059, 0.6738807678222656, 0.6215223550796509, 0.6439777612686157, 0.6455982804298401, 0.7372413754463196, 0.7467112183570862, 0.7125020623207092, 0.6695764660835266, 0.719145941734314, 0.6684304475784302, 0.7311535239219665, 0.697873842716217, 0.708572769165039, 0.6815921068191528, 0.7441559314727784, 0.6946991443634033, 0.76585453748703, 0.8198972582817078, 0.7708295583724976], [0.669482672214508, 0.6688723444938659, 0.6499693393707275, 0.680029821395874, 0.7585463404655456, 0.7730363726615906, 0.0, 0.7275914072990417, 0.6720868349075317, 0.62787344455719, 0.597638463973999, 0.6284235000610352, 0.6543590903282166, 0.6895524501800537, 0.7439343810081482, 0.7519793748855591, 0.6396523594856262, 0.7394200682640075, 0.6791461706161499, 0.7117059469223023, 0.6527674913406372, 0.6818334460258484, 0.6628727078437805, 0.7528384327888489, 0.6474925994873048, 0.7065823197364807, 0.7381402611732484, 0.6842185378074646], [0.6474762797355652, 0.7904013514518737, 0.7346087813377381, 0.7224908232688904, 0.7623249530792235, 0.7235795974731446, 0.7275914072990417, 0.0, 0.6836887001991272, 0.6588733673095704, 0.670994222164154, 0.6716397762298585, 0.6865176200866699, 0.7360635757446289, 0.7069353222846986, 0.6879225134849548, 0.6432160377502442, 0.7151200652122498, 0.7088839411735535, 0.7180674791336059, 0.7469380974769593, 0.7848815560340882, 0.7172182917594909, 0.7210726857185363, 0.7008264183998109, 0.771766209602356, 0.749853003025055, 0.7449455261230469], [0.6565014123916626, 0.6433266758918762, 0.646634542942047, 0.6476850628852844, 0.6219359517097474, 0.6596974492073059, 0.6720868349075317, 0.6836887001991272, 0.0, 0.7102039456367493, 0.6924706816673278, 0.6852851748466491, 0.7054208040237426, 0.7418278098106384, 0.6917136311531067, 0.7744693279266357, 0.6926361083984375, 0.7766044974327088, 0.6517151594161987, 0.6885352969169616, 0.6567977905273438, 0.6535475373268128, 0.6192095398902893, 0.6610010027885437, 0.6609773516654968, 0.7467630743980408, 0.6603372454643249, 0.6424588441848755], [0.5753803849220276, 0.6485278248786926, 0.6324231028556824, 0.6246376156806945, 0.6273955464363098, 0.6738807678222656, 0.62787344455719, 0.6588733673095704, 0.7102039456367493, 0.0, 0.8012766599655151, 0.7424880027770996, 0.76434725522995, 0.7738740801811218, 0.7729150414466858, 0.7880056381225586, 0.7710094809532166, 0.7745821356773376, 0.7256977915763855, 0.7573181033134461, 0.8032255053520203, 0.7258399605751037, 0.5882878780364991, 0.5715598225593567, 0.6116228699684143, 0.6590199708938599, 0.6330852031707763, 0.6630041360855102], [0.5447342157363891, 0.6798266649246216, 0.6269977331161498, 0.5880794644355773, 0.6090361952781677, 0.6215223550796509, 0.597638463973999, 0.670994222164154, 0.6924706816673278, 0.8012766599655151, 0.0, 0.7866167068481446, 0.8036543965339661, 0.8188075661659241, 0.7645975232124328, 0.7525322318077087, 0.7711631536483765, 0.7501097321510315, 0.7641961097717286, 0.7800123572349549, 0.8121326804161072, 0.696437931060791, 0.5957206964492798, 0.5532011985778809, 0.6423534393310547, 0.669959044456482, 0.6323500633239746, 0.6199977040290832], [0.5201748251914978, 0.6931326150894166, 0.6022629261016845, 0.5562739491462707, 0.5875802278518677, 0.6439777612686157, 0.6284235000610352, 0.6716397762298585, 0.6852851748466491, 0.7424880027770996, 0.7866167068481446, 0.0, 0.7916637182235717, 0.7723220229148864, 0.7459457159042359, 0.7585386991500854, 0.7374652028083801, 0.7413251519203187, 0.7158705472946167, 0.7865754127502442, 0.7531784772872925, 0.6696570992469788, 0.5372987627983092, 0.5350431561470032, 0.6330695390701293, 0.640454614162445, 0.6000113487243652, 0.5801144003868103], [0.5714080929756165, 0.6888516783714295, 0.6270699024200439, 0.6000117182731628, 0.6487318634986877, 0.6455982804298401, 0.6543590903282166, 0.6865176200866699, 0.7054208040237426, 0.76434725522995, 0.8036543965339661, 0.7916637182235717, 0.0, 0.8676097631454468, 0.8815872788429261, 0.8134846687316895, 0.7580736637115478, 0.8202099442481994, 0.8349347472190857, 0.81713148355484, 0.7991986036300659, 0.7368665337562561, 0.6160880923271179, 0.5888936996459961, 0.6768671035766601, 0.6536186099052429, 0.6433870315551757, 0.6198441982269287], [0.6335449934005737, 0.7188305139541626, 0.6854010820388794, 0.6726505875587463, 0.719558823108673, 0.7372413754463196, 0.6895524501800537, 0.7360635757446289, 0.7418278098106384, 0.7738740801811218, 0.8188075661659241, 0.7723220229148864, 0.8676097631454468, 0.0, 0.8830933332443238, 0.835874080657959, 0.7662973165512085, 0.8125594019889831, 0.7944217085838318, 0.8420574903488158, 0.8397012114524841, 0.8207837343215942, 0.66800616979599, 0.6750025749206543, 0.728852379322052, 0.7581695675849914, 0.7362746119499206, 0.7120701909065246], [0.6375283479690552, 0.696367359161377, 0.6836416959762573, 0.6577104091644287, 0.7323321580886841, 0.7467112183570862, 0.7439343810081482, 0.7069353222846986, 0.6917136311531067, 0.7729150414466858, 0.7645975232124328, 0.7459457159042359, 0.8815872788429261, 0.8830933332443238, 0.0, 0.8754318952560425, 0.773522424697876, 0.8173126459121705, 0.8225937485694885, 0.8468270659446716, 0.8246012926101685, 0.7738006591796874, 0.6677719831466674, 0.6735495567321778, 0.726780891418457, 0.7070984721183777, 0.7200868606567382, 0.7154219746589661], [0.6641759634017944, 0.6640406608581543, 0.6705596327781677, 0.666187596321106, 0.7010906577110291, 0.7125020623207092, 0.7519793748855591, 0.6879225134849548, 0.7744693279266357, 0.7880056381225586, 0.7525322318077087, 0.7585386991500854, 0.8134846687316895, 0.835874080657959, 0.8754318952560425, 0.0, 0.7736249327659608, 0.8493658423423768, 0.7407350420951844, 0.7655946731567382, 0.7806678175926209, 0.7463592767715453, 0.6706330418586731, 0.7102779388427733, 0.7329921007156373, 0.7252946734428406, 0.6945154070854187, 0.7046857237815858], [0.5651740431785583, 0.6625365138053894, 0.6133145093917847, 0.5919870853424072, 0.6097653269767761, 0.6695764660835266, 0.6396523594856262, 0.6432160377502442, 0.6926361083984375, 0.7710094809532166, 0.7711631536483765, 0.7374652028083801, 0.7580736637115478, 0.7662973165512085, 0.773522424697876, 0.7736249327659608, 0.0, 0.7761552810668946, 0.7568953275680541, 0.768721079826355, 0.7657428979873657, 0.6900781273841858, 0.5539790868759156, 0.5586883187294006, 0.6201858401298523, 0.6239358186721802, 0.6185856103897094, 0.6110543608665466], [0.6123906254768372, 0.6707932233810425, 0.6690817475318909, 0.6174958348274231, 0.6748981356620789, 0.719145941734314, 0.7394200682640075, 0.7151200652122498, 0.7766044974327088, 0.7745821356773376, 0.7501097321510315, 0.7413251519203187, 0.8202099442481994, 0.8125594019889831, 0.8173126459121705, 0.8493658423423768, 0.7761552810668946, 0.0, 0.790715742111206, 0.8173496007919311, 0.7434613227844238, 0.7367865800857544, 0.6218515396118164, 0.6531878352165222, 0.6512091159820557, 0.6674866080284119, 0.6930125594139098, 0.6402083277702332], [0.5577978014945983, 0.6892756938934327, 0.6029228687286377, 0.602244246006012, 0.6272060990333557, 0.6684304475784302, 0.6791461706161499, 0.7088839411735535, 0.6517151594161987, 0.7256977915763855, 0.7641961097717286, 0.7158705472946167, 0.8349347472190857, 0.7944217085838318, 0.8225937485694885, 0.7407350420951844, 0.7568953275680541, 0.790715742111206, 0.0, 0.848439598083496, 0.7721789598464965, 0.7190428376197815, 0.5941366314888, 0.5973727226257324, 0.6876890182495118, 0.6364899635314941, 0.6299757599830627, 0.6098969936370849], [0.5665178537368774, 0.7384951114654541, 0.6728062987327575, 0.6254950404167176, 0.6583584904670715, 0.7311535239219665, 0.7117059469223023, 0.7180674791336059, 0.6885352969169616, 0.7573181033134461, 0.7800123572349549, 0.7865754127502442, 0.81713148355484, 0.8420574903488158, 0.8468270659446716, 0.7655946731567382, 0.768721079826355, 0.8173496007919311, 0.848439598083496, 0.0, 0.806711506843567, 0.726054811477661, 0.6110109329223632, 0.5978916883468628, 0.6493576169013977, 0.661668026447296, 0.6913711786270141, 0.6440880775451661], [0.585335087776184, 0.725191593170166, 0.6808818936347962, 0.7112837433815002, 0.6935734510421754, 0.697873842716217, 0.6527674913406372, 0.7469380974769593, 0.6567977905273438, 0.8032255053520203, 0.8121326804161072, 0.7531784772872925, 0.7991986036300659, 0.8397012114524841, 0.8246012926101685, 0.7806678175926209, 0.7657428979873657, 0.7434613227844238, 0.7721789598464965, 0.806711506843567, 0.0, 0.8029969692230225, 0.637882649898529, 0.6506179928779602, 0.6926631331443787, 0.7167535662651062, 0.7311170697212219, 0.7431426405906677], [0.6450037002563476, 0.7049653410911559, 0.7301546573638916, 0.7301050305366517, 0.765568196773529, 0.708572769165039, 0.6818334460258484, 0.7848815560340882, 0.6535475373268128, 0.7258399605751037, 0.696437931060791, 0.6696570992469788, 0.7368665337562561, 0.8207837343215942, 0.7738006591796874, 0.7463592767715453, 0.6900781273841858, 0.7367865800857544, 0.7190428376197815, 0.726054811477661, 0.8029969692230225, 0.0, 0.6979131937026978, 0.7051782131195069, 0.742468512058258, 0.7480118513107299, 0.7621262192726135, 0.7746571183204651], [0.7751478791236877, 0.6485267281532288, 0.8608827114105224, 0.7938133955001831, 0.7799389004707337, 0.6815921068191528, 0.6628727078437805, 0.7172182917594909, 0.6192095398902893, 0.5882878780364991, 0.5957206964492798, 0.5372987627983092, 0.6160880923271179, 0.66800616979599, 0.6677719831466674, 0.6706330418586731, 0.5539790868759156, 0.6218515396118164, 0.5941366314888, 0.6110109329223632, 0.637882649898529, 0.6979131937026978, 0.0, 0.8001633405685425, 0.7517549276351929, 0.7575376629829407, 0.7714166402816773, 0.8021709084510803], [0.7765896797180176, 0.6487641215324402, 0.6979761719703674, 0.8026587963104248, 0.8160165548324585, 0.7441559314727784, 0.7528384327888489, 0.7210726857185363, 0.6610010027885437, 0.5715598225593567, 0.5532011985778809, 0.5350431561470032, 0.5888936996459961, 0.6750025749206543, 0.6735495567321778, 0.7102779388427733, 0.5586883187294006, 0.6531878352165222, 0.5973727226257324, 0.5978916883468628, 0.6506179928779602, 0.7051782131195069, 0.8001633405685425, 0.0, 0.7812335252761841, 0.7805575251579285, 0.7988128542900086, 0.7960779309272766], [0.7379474401473999, 0.659551990032196, 0.6769719243049622, 0.7013391137123108, 0.7051063418388366, 0.6946991443634033, 0.6474925994873048, 0.7008264183998109, 0.6609773516654968, 0.6116228699684143, 0.6423534393310547, 0.6330695390701293, 0.6768671035766601, 0.728852379322052, 0.726780891418457, 0.7329921007156373, 0.6201858401298523, 0.6512091159820557, 0.6876890182495118, 0.6493576169013977, 0.6926631331443787, 0.742468512058258, 0.7517549276351929, 0.7812335252761841, 0.0, 0.7544527530670165, 0.7100675344467163, 0.7230845212936401], [0.7427388668060302, 0.7353506088256836, 0.7388897776603698, 0.8112384796142578, 0.7701553106307983, 0.76585453748703, 0.7065823197364807, 0.771766209602356, 0.7467630743980408, 0.6590199708938599, 0.669959044456482, 0.640454614162445, 0.6536186099052429, 0.7581695675849914, 0.7070984721183777, 0.7252946734428406, 0.6239358186721802, 0.6674866080284119, 0.6364899635314941, 0.661668026447296, 0.7167535662651062, 0.7480118513107299, 0.7575376629829407, 0.7805575251579285, 0.7544527530670165, 0.0, 0.7992206573486329, 0.7929775357246399], [0.7299105167388916, 0.7393337011337281, 0.7648223042488098, 0.8112409234046937, 0.8513600945472718, 0.8198972582817078, 0.7381402611732484, 0.749853003025055, 0.6603372454643249, 0.6330852031707763, 0.6323500633239746, 0.6000113487243652, 0.6433870315551757, 0.7362746119499206, 0.7200868606567382, 0.6945154070854187, 0.6185856103897094, 0.6930125594139098, 0.6299757599830627, 0.6913711786270141, 0.7311170697212219, 0.7621262192726135, 0.7714166402816773, 0.7988128542900086, 0.7100675344467163, 0.7992206573486329, 0.0, 0.8579772710800171], [0.7387335181236268, 0.7178971409797669, 0.7872107148170471, 0.8686134338378907, 0.8513025283813477, 0.7708295583724976, 0.6842185378074646, 0.7449455261230469, 0.6424588441848755, 0.6630041360855102, 0.6199977040290832, 0.5801144003868103, 0.6198441982269287, 0.7120701909065246, 0.7154219746589661, 0.7046857237815858, 0.6110543608665466, 0.6402083277702332, 0.6098969936370849, 0.6440880775451661, 0.7431426405906677, 0.7746571183204651, 0.8021709084510803, 0.7960779309272766, 0.7230845212936401, 0.7929775357246399, 0.8579772710800171, 0.0]]