[[0.0, 0.6311609387397765, 0.7020079255104065, 0.759417998790741, 0.8123422622680665, 0.6794397592544557, 0.6747192144393921, 0.6371851682662963, 0.6557307600975036, 0.5714812517166138, 0.5414676547050477, 0.5142641305923462, 0.56861971616745, 0.6325563907623291, 0.6373002171516419, 0.666868495941162, 0.5571157097816467, 0.6119399070739746, 0.5502431154251098, 0.5674168348312377, 0.5848513126373291, 0.6336542248725892, 0.7723783135414123, 0.7777527928352357, 0.7189818501472474, 0.7617192149162292, 0.7327343344688415, 0.7421059608459473, 0.6956284284591674, 0.6645620346069336, 0.5856822967529296, 0.5020773410797119, 0.6260233998298645, 0.5682053565979004, 0.6025529623031616, 0.5675321340560913, 0.6172414541244506, 0.5729150772094727, 0.6081307291984558, 0.5622594356536865, 0.613895857334137, 0.5392041087150574, 0.5748101353645325, 0.5813289880752563, 0.5288898348808289], [0.6311609387397765, 0.0, 0.701021420955658, 0.731157088279724, 0.7315736174583435, 0.6955588579177856, 0.6688723444938659, 0.7904013514518737, 0.6433266758918762, 0.6485278248786926, 0.6798266649246216, 0.6931326150894166, 0.6888516783714295, 0.7188305139541626, 0.696367359161377, 0.6640406608581543, 0.6625365138053894, 0.6707932233810425, 0.6892756938934327, 0.7384951114654541, 0.725191593170166, 0.7049653410911559, 0.6485267281532288, 0.6487641215324402, 0.659551990032196, 0.7353506088256836, 0.7393337011337281, 0.7178971409797669, 0.6827151775360107, 0.7017404675483704, 0.7473083257675172, 0.6495256900787353, 0.7625970721244812, 0.717862355709076, 0.6816964507102966, 0.7251162290573121, 0.7569573521614075, 0.73136305809021, 0.7455180048942566, 0.6750757455825807, 0.7784426331520081, 0.7401499152183533, 0.6873199701309205, 0.7056650161743163, 0.7038574934005737], [0.7020079255104065, 0.701021420955658, 0.0, 0.7700879693031311, 0.7556602716445923, 0.6949959993362427, 0.6499693393707275, 0.7346087813377381, 0.646634542942047, 0.6324231028556824, 0.6269977331161498, 0.6022629261016845, 0.6270699024200439, 0.6854010820388794, 0.6836416959762573, 0.6705596327781677, 0.6133145093917847, 0.6690817475318909, 0.6029228687286377, 0.6728062987327575, 0.6808818936347962, 0.7301546573638916, 0.8608827114105224, 0.6979761719703674, 0.6769719243049622, 0.7388897776603698, 0.7648223042488098, 0.7872107148170471, 0.7002667188644409, 0.6916040539741516, 0.6511182188987732, 0.584299623966217, 0.6982121229171754, 0.6515087485313416, 0.665633225440979, 0.6375020503997803, 0.6558052897453308, 0.6357266187667847, 0.6879077434539795, 0.6095956563949585, 0.7229187726974488, 0.6385636329650879, 0.628304374217987, 0.6410960197448731, 0.6057873129844665], [0.759417998790741, 0.731157088279724, 0.7700879693031311, 0.0, 0.81042001247406, 0.7121207833290101, 0.680029821395874, 0.7224908232688904, 0.6476850628852844, 0.6246376156806945, 0.5880794644355773, 0.5562739491462707, 0.6000117182731628, 0.6726505875587463, 0.6577104091644287, 0.666187596321106, 0.5919870853424072, 0.6174958348274231, 0.602244246006012, 0.6254950404167176, 0.7112837433815002, 0.7301050305366517, 0.7938133955001831, 0.8026587963104248, 0.7013391137123108, 0.8112384796142578, 0.8112409234046937, 0.8686134338378907, 0.694901168346405, 0.6906986594200134, 0.656096076965332, 0.5701063513755799, 0.6899900555610657, 0.6307519793510437, 0.6216931819915772, 0.5972602486610412, 0.7387626886367799, 0.6664831399917602, 0.6740597128868103, 0.6169037461280823, 0.7261229753494263, 0.6122856259346008, 0.6309199571609496, 0.6434782266616821, 0.6291916728019714], [0.8123422622680665, 0.7315736174583435, 0.7556602716445923, 0.81042001247406, 0.0, 0.7916322946548462, 0.7585463404655456, 0.7623249530792235, 0.6219359517097474, 0.6273955464363098, 0.6090361952781677, 0.5875802278518677, 0.6487318634986877, 0.719558823108673, 0.7323321580886841, 0.7010906577110291, 0.6097653269767761, 0.6748981356620789, 0.6272060990333557, 0.6583584904670715, 0.6935734510421754, 0.765568196773529, 0.7799389004707337, 0.8160165548324585, 0.7051063418388366, 0.7701553106307983, 0.8513600945472718, 0.8513025283813477, 0.7908128023147584, 0.7854880094528198, 0.6828688383102417, 0.5528046607971191, 0.7115492224693298, 0.6512914776802063, 0.666916537284851, 0.6340348839759826, 0.7155985116958619, 0.6370716691017151, 0.6904422283172607, 0.5825649976730347, 0.7025399804115295, 0.6216308116912842, 0.6237020373344422, 0.6235060453414917, 0.6319135427474976], [0.6794397592544557, 0.6955588579177856, 0.6949959993362427, 0.7121207833290101, 0.7916322946548462, 0.0, 0.7730363726615906, 0.7235795974731446, 0.6596974492073059, 0.6738807678222656, 0.6215223550796509, 0.6439777612686157, 0.6455982804298401, 0.7372413754463196, 0.7467112183570862, 0.7125020623207092, 0.6695764660835266, 0.719145941734314, 0.6684304475784302, 0.7311535239219665, 0.697873842716217, 0.708572769165039, 0.6815921068191528, 0.7441559314727784, 0.6946991443634033, 0.76585453748703, 0.8198972582817078, 0.7708295583724976, 0.8176584959030151, 0.8912285566329956, 0.6693893432617187, 0.5670475602149962, 0.6966948390007018, 0.6436828017234802, 0.6167985200881958, 0.6575806736946106, 0.680567753314972, 0.6732020020484925, 0.7382890462875366, 0.5759554624557495, 0.757811450958252, 0.7005838513374328, 0.6019579529762268, 0.6285474300384521, 0.6262417316436768], [0.6747192144393921, 0.6688723444938659, 0.6499693393707275, 0.680029821395874, 0.7585463404655456, 0.7730363726615906, 0.0, 0.7275914072990417, 0.6720868349075317, 0.62787344455719, 0.597638463973999, 0.6284235000610352, 0.6543590903282166, 0.6895524501800537, 0.7439343810081482, 0.7519793748855591, 0.6396523594856262, 0.7394200682640075, 0.6791461706161499, 0.7117059469223023, 0.6527674913406372, 0.6818334460258484, 0.6628727078437805, 0.7528384327888489, 0.6474925994873048, 0.7065823197364807, 0.7381402611732484, 0.6842185378074646, 0.8160537838935852, 0.8027237415313722, 0.665412700176239, 0.5602044701576233, 0.6789892196655274, 0.6305690765380859, 0.6413097500801086, 0.6498626708984374, 0.6563366889953614, 0.6335263013839721, 0.6916077971458434, 0.5582329392433166, 0.6622134685516358, 0.6827036619186402, 0.5772390246391297, 0.5996044874191284, 0.6226048707962035], [0.6371851682662963, 0.7904013514518737, 0.7346087813377381, 0.7224908232688904, 0.7623249530792235, 0.7235795974731446, 0.7275914072990417, 0.0, 0.6836887001991272, 0.6588733673095704, 0.670994222164154, 0.6716397762298585, 0.6865176200866699, 0.7360635757446289, 0.7069353222846986, 0.6879225134849548, 0.6432160377502442, 0.7151200652122498, 0.7088839411735535, 0.7180674791336059, 0.7469380974769593, 0.7848815560340882, 0.7172182917594909, 0.7210726857185363, 0.7008264183998109, 0.771766209602356, 0.749853003025055, 0.7449455261230469, 0.7586113691329955, 0.7194236993789673, 0.7609305024147034, 0.6433333277702331, 0.7723035573959351, 0.700946855545044, 0.7213235974311828, 0.7249948143959045, 0.7908096671104431, 0.6965502023696899, 0.7436332345008849, 0.7056095480918885, 0.7794967412948608, 0.7477794885635376, 0.7007806181907654, 0.6945161938667297, 0.7105093240737915], [0.6557307600975036, 0.6433266758918762, 0.646634542942047, 0.6476850628852844, 0.6219359517097474, 0.6596974492073059, 0.6720868349075317, 0.6836887001991272, 0.0, 0.7102039456367493, 0.6924706816673278, 0.6852851748466491, 0.7054208040237426, 0.7418278098106384, 0.6917136311531067, 0.7744693279266357, 0.6926361083984375, 0.7766044974327088, 0.6517151594161987, 0.6885352969169616, 0.6567977905273438, 0.6535475373268128, 0.6192095398902893, 0.6610010027885437, 0.6609773516654968, 0.7467630743980408, 0.6603372454643249, 0.6424588441848755, 0.710772716999054, 0.6861495852470397, 0.6826606869697571, 0.6067324876785278, 0.7057064175605774, 0.6804971456527711, 0.6881124973297119, 0.642708134651184, 0.7087276458740234, 0.6640528321266175, 0.6791332125663758, 0.7430374622344971, 0.745853292942047, 0.6782916069030762, 0.6611659765243529, 0.7070567607879639, 0.6154634714126587], [0.5714812517166138, 0.6485278248786926, 0.6324231028556824, 0.6246376156806945, 0.6273955464363098, 0.6738807678222656, 0.62787344455719, 0.6588733673095704, 0.7102039456367493, 0.0, 0.8012766599655151, 0.7424880027770996, 0.76434725522995, 0.7738740801811218, 0.7729150414466858, 0.7880056381225586, 0.7710094809532166, 0.7745821356773376, 0.7256977915763855, 0.7573181033134461, 0.8032255053520203, 0.7258399605751037, 0.5882878780364991, 0.5715598225593567, 0.6116228699684143, 0.6590199708938599, 0.6330852031707763, 0.6630041360855102, 0.6747987151145936, 0.6780996680259704, 0.734778106212616, 0.6978874683380126, 0.7497479319572449, 0.7543429970741271, 0.7562984824180603, 0.7084542632102966, 0.6616402268409729, 0.7082326650619507, 0.7170084714889526, 0.6910640954971313, 0.7145208358764649, 0.6946962714195252, 0.7176023602485656, 0.7293131947517395, 0.7090667128562927], [0.5414676547050477, 0.6798266649246216, 0.6269977331161498, 0.5880794644355773, 0.6090361952781677, 0.6215223550796509, 0.597638463973999, 0.670994222164154, 0.6924706816673278, 0.8012766599655151, 0.0, 0.7866167068481446, 0.8036543965339661, 0.8188075661659241, 0.7645975232124328, 0.7525322318077087, 0.7711631536483765, 0.7501097321510315, 0.7641961097717286, 0.7800123572349549, 0.8121326804161072, 0.696437931060791, 0.5957206964492798, 0.5532011985778809, 0.6423534393310547, 0.669959044456482, 0.6323500633239746, 0.6199977040290832, 0.6419076323509216, 0.6388264775276185, 0.8137231826782227, 0.8167633652687073, 0.7881966590881349, 0.8325731992721558, 0.8062767863273621, 0.7781879305839539, 0.7094679832458496, 0.7550386071205138, 0.7680385112762451, 0.7780869603157043, 0.680059278011322, 0.6763411521911621, 0.7611801743507386, 0.7696189165115356, 0.7574530720710754], [0.5142641305923462, 0.6931326150894166, 0.6022629261016845, 0.5562739491462707, 0.5875802278518677, 0.6439777612686157, 0.6284235000610352, 0.6716397762298585, 0.6852851748466491, 0.7424880027770996, 0.7866167068481446, 0.0, 0.7916637182235717, 0.7723220229148864, 0.7459457159042359, 0.7585386991500854, 0.7374652028083801, 0.7413251519203187, 0.7158705472946167, 0.7865754127502442, 0.7531784772872925, 0.6696570992469788, 0.5372987627983092, 0.5350431561470032, 0.6330695390701293, 0.640454614162445, 0.6000113487243652, 0.5801144003868103, 0.6235775351524353, 0.6600778698921204, 0.7897490739822388, 0.7362778663635254, 0.7615243315696716, 0.7446814894676208, 0.7142438054084778, 0.7667390942573548, 0.6770304918289184, 0.7601852178573609, 0.7796653747558594, 0.741228723526001, 0.7528969287872315, 0.7298211216926574, 0.698019802570343, 0.7359071493148803, 0.7349452018737793], [0.56861971616745, 0.6888516783714295, 0.6270699024200439, 0.6000117182731628, 0.6487318634986877, 0.6455982804298401, 0.6543590903282166, 0.6865176200866699, 0.7054208040237426, 0.76434725522995, 0.8036543965339661, 0.7916637182235717, 0.0, 0.8676097631454468, 0.8815872788429261, 0.8134846687316895, 0.7580736637115478, 0.8202099442481994, 0.8349347472190857, 0.81713148355484, 0.7991986036300659, 0.7368665337562561, 0.6160880923271179, 0.5888936996459961, 0.6768671035766601, 0.6536186099052429, 0.6433870315551757, 0.6198441982269287, 0.6900651335716248, 0.6806934118270873, 0.770558738708496, 0.738742470741272, 0.8252348065376282, 0.79314626455307, 0.7808408260345459, 0.7890233516693115, 0.7059298515319824, 0.7443159818649292, 0.7287217617034911, 0.6807758331298828, 0.6555603623390197, 0.6637179255485535, 0.7113089680671691, 0.688240134716034, 0.7134522557258607], [0.6325563907623291, 0.7188305139541626, 0.6854010820388794, 0.6726505875587463, 0.719558823108673, 0.7372413754463196, 0.6895524501800537, 0.7360635757446289, 0.7418278098106384, 0.7738740801811218, 0.8188075661659241, 0.7723220229148864, 0.8676097631454468, 0.0, 0.8830933332443238, 0.835874080657959, 0.7662973165512085, 0.8125594019889831, 0.7944217085838318, 0.8420574903488158, 0.8397012114524841, 0.8207837343215942, 0.66800616979599, 0.6750025749206543, 0.728852379322052, 0.7581695675849914, 0.7362746119499206, 0.7120701909065246, 0.752812135219574, 0.7719581961631775, 0.812832510471344, 0.7454568982124328, 0.8312702894210815, 0.7921024799346923, 0.7967981219291687, 0.7815641522407533, 0.7568398475646972, 0.7926777124404907, 0.8038881897926331, 0.7483643293380737, 0.737687623500824, 0.69455406665802, 0.7675345301628113, 0.7535914421081543, 0.7619436860084534], [0.6373002171516419, 0.696367359161377, 0.6836416959762573, 0.6577104091644287, 0.7323321580886841, 0.7467112183570862, 0.7439343810081482, 0.7069353222846986, 0.6917136311531067, 0.7729150414466858, 0.7645975232124328, 0.7459457159042359, 0.8815872788429261, 0.8830933332443238, 0.0, 0.8754318952560425, 0.773522424697876, 0.8173126459121705, 0.8225937485694885, 0.8468270659446716, 0.8246012926101685, 0.7738006591796874, 0.6677719831466674, 0.6735495567321778, 0.726780891418457, 0.7070984721183777, 0.7200868606567382, 0.7154219746589661, 0.7731794714927673, 0.7737752676010132, 0.7578656196594238, 0.7205737829208374, 0.8479581117630004, 0.7929860591888428, 0.7907632231712342, 0.7884271621704102, 0.7138187885284424, 0.7512681484222412, 0.7540827870368958, 0.6433351516723633, 0.6698334097862244, 0.6890575766563416, 0.718991494178772, 0.7028537511825561, 0.7427363395690918], [0.666868495941162, 0.6640406608581543, 0.6705596327781677, 0.666187596321106, 0.7010906577110291, 0.7125020623207092, 0.7519793748855591, 0.6879225134849548, 0.7744693279266357, 0.7880056381225586, 0.7525322318077087, 0.7585386991500854, 0.8134846687316895, 0.835874080657959, 0.8754318952560425, 0.0, 0.7736249327659608, 0.8493658423423768, 0.7407350420951844, 0.7655946731567382, 0.7806678175926209, 0.7463592767715453, 0.6706330418586731, 0.7102779388427733, 0.7329921007156373, 0.7252946734428406, 0.6945154070854187, 0.7046857237815858, 0.7462905764579773, 0.7227448344230651, 0.7365996479988097, 0.6825409770011901, 0.8008334159851074, 0.7731422185897827, 0.7806698322296143, 0.7476479053497315, 0.6880102038383483, 0.7045115232467651, 0.7163064360618592, 0.7007130026817322, 0.6886271715164184, 0.6915213942527771, 0.6900507926940918, 0.7210237741470337, 0.6858990907669067], [0.5571157097816467, 0.6625365138053894, 0.6133145093917847, 0.5919870853424072, 0.6097653269767761, 0.6695764660835266, 0.6396523594856262, 0.6432160377502442, 0.6926361083984375, 0.7710094809532166, 0.7711631536483765, 0.7374652028083801, 0.7580736637115478, 0.7662973165512085, 0.773522424697876, 0.7736249327659608, 0.0, 0.7761552810668946, 0.7568953275680541, 0.768721079826355, 0.7657428979873657, 0.6900781273841858, 0.5539790868759156, 0.5586883187294006, 0.6201858401298523, 0.6239358186721802, 0.6185856103897094, 0.6110543608665466, 0.6799189567565918, 0.7055634498596192, 0.7317038893699647, 0.7151344299316407, 0.7404636263847352, 0.7783752799034118, 0.7556628704071044, 0.7383027911186218, 0.6556316971778869, 0.7017494082450866, 0.7115168571472168, 0.690322756767273, 0.6720415830612182, 0.7404628157615663, 0.7110702633857726, 0.7291372418403625, 0.6776681303977966], [0.6119399070739746, 0.6707932233810425, 0.6690817475318909, 0.6174958348274231, 0.6748981356620789, 0.719145941734314, 0.7394200682640075, 0.7151200652122498, 0.7766044974327088, 0.7745821356773376, 0.7501097321510315, 0.7413251519203187, 0.8202099442481994, 0.8125594019889831, 0.8173126459121705, 0.8493658423423768, 0.7761552810668946, 0.0, 0.790715742111206, 0.8173496007919311, 0.7434613227844238, 0.7367865800857544, 0.6218515396118164, 0.6531878352165222, 0.6512091159820557, 0.6674866080284119, 0.6930125594139098, 0.6402083277702332, 0.7826738953590393, 0.7453545570373535, 0.7243290185928345, 0.6571136474609375, 0.7694082498550415, 0.7609939694404602, 0.7715115189552306, 0.7348420977592468, 0.6910181403160095, 0.6715353965759278, 0.7044022440910339, 0.6696646571159363, 0.6949354648590087, 0.7165215015411377, 0.665872848033905, 0.6778610825538636, 0.6475939631462098], [0.5502431154251098, 0.6892756938934327, 0.6029228687286377, 0.602244246006012, 0.6272060990333557, 0.6684304475784302, 0.6791461706161499, 0.7088839411735535, 0.6517151594161987, 0.7256977915763855, 0.7641961097717286, 0.7158705472946167, 0.8349347472190857, 0.7944217085838318, 0.8225937485694885, 0.7407350420951844, 0.7568953275680541, 0.790715742111206, 0.0, 0.848439598083496, 0.7721789598464965, 0.7190428376197815, 0.5941366314888, 0.5973727226257324, 0.6876890182495118, 0.6364899635314941, 0.6299757599830627, 0.6098969936370849, 0.6588739156723022, 0.6661807417869567, 0.7377068996429443, 0.7327882289886475, 0.8169979214668275, 0.7807429909706115, 0.779141902923584, 0.8161808967590332, 0.6810665249824525, 0.7248594403266907, 0.706157648563385, 0.6689117193222046, 0.6521674394607544, 0.6786173224449157, 0.7309546351432801, 0.6935122013092041, 0.7405784368515014], [0.5674168348312377, 0.7384951114654541, 0.6728062987327575, 0.6254950404167176, 0.6583584904670715, 0.7311535239219665, 0.7117059469223023, 0.7180674791336059, 0.6885352969169616, 0.7573181033134461, 0.7800123572349549, 0.7865754127502442, 0.81713148355484, 0.8420574903488158, 0.8468270659446716, 0.7655946731567382, 0.768721079826355, 0.8173496007919311, 0.848439598083496, 0.0, 0.806711506843567, 0.726054811477661, 0.6110109329223632, 0.5978916883468628, 0.6493576169013977, 0.661668026447296, 0.6913711786270141, 0.6440880775451661, 0.7292404055595398, 0.7710724830627442, 0.7656349062919616, 0.7134230732917786, 0.8230749607086182, 0.7658318161964416, 0.7362860918045044, 0.7987750887870789, 0.7415597915649415, 0.7712740778923034, 0.7844025254249574, 0.6724756360054016, 0.7513013362884521, 0.7333436608314514, 0.7389328122138976, 0.7324359893798827, 0.7592610359191894], [0.5848513126373291, 0.725191593170166, 0.6808818936347962, 0.7112837433815002, 0.6935734510421754, 0.697873842716217, 0.6527674913406372, 0.7469380974769593, 0.6567977905273438, 0.8032255053520203, 0.8121326804161072, 0.7531784772872925, 0.7991986036300659, 0.8397012114524841, 0.8246012926101685, 0.7806678175926209, 0.7657428979873657, 0.7434613227844238, 0.7721789598464965, 0.806711506843567, 0.0, 0.8029969692230225, 0.637882649898529, 0.6506179928779602, 0.6926631331443787, 0.7167535662651062, 0.7311170697212219, 0.7431426405906677, 0.6993932604789734, 0.7045726656913758, 0.8235549092292787, 0.766584599018097, 0.8390055656433106, 0.814041268825531, 0.7989752888679504, 0.7731756687164306, 0.7511966228485107, 0.8160785436630249, 0.8094735503196717, 0.7235965847969055, 0.740215516090393, 0.7266262650489806, 0.7604938983917235, 0.7669264674186707, 0.8110483884811401], [0.6336542248725892, 0.7049653410911559, 0.7301546573638916, 0.7301050305366517, 0.765568196773529, 0.708572769165039, 0.6818334460258484, 0.7848815560340882, 0.6535475373268128, 0.7258399605751037, 0.696437931060791, 0.6696570992469788, 0.7368665337562561, 0.8207837343215942, 0.7738006591796874, 0.7463592767715453, 0.6900781273841858, 0.7367865800857544, 0.7190428376197815, 0.726054811477661, 0.8029969692230225, 0.0, 0.6979131937026978, 0.7051782131195069, 0.742468512058258, 0.7480118513107299, 0.7621262192726135, 0.7746571183204651, 0.7453524947166443, 0.7303122639656067, 0.7535316467285156, 0.6687164902687073, 0.7987666130065918, 0.751393449306488, 0.7580374360084533, 0.7320734977722168, 0.7266973257064819, 0.6888028979301453, 0.7380681037902832, 0.6494263052940369, 0.7167886853218078, 0.6870087385177612, 0.6902909398078918, 0.6642354011535644, 0.6981691122055054], [0.7723783135414123, 0.6485267281532288, 0.8608827114105224, 0.7938133955001831, 0.7799389004707337, 0.6815921068191528, 0.6628727078437805, 0.7172182917594909, 0.6192095398902893, 0.5882878780364991, 0.5957206964492798, 0.5372987627983092, 0.6160880923271179, 0.66800616979599, 0.6677719831466674, 0.6706330418586731, 0.5539790868759156, 0.6218515396118164, 0.5941366314888, 0.6110109329223632, 0.637882649898529, 0.6979131937026978, 0.0, 0.8001633405685425, 0.7517549276351929, 0.7575376629829407, 0.7714166402816773, 0.8021709084510803, 0.6582980394363404, 0.6615984082221985, 0.6299323678016662, 0.5516007423400879, 0.6724531054496765, 0.6015845179557799, 0.6390918850898742, 0.6073891401290894, 0.633736538887024, 0.6062283039093017, 0.6577142715454101, 0.5802850604057312, 0.6418567299842834, 0.5543174386024474, 0.6153969526290893, 0.5997943520545959, 0.5784752130508423], [0.7777527928352357, 0.6487641215324402, 0.6979761719703674, 0.8026587963104248, 0.8160165548324585, 0.7441559314727784, 0.7528384327888489, 0.7210726857185363, 0.6610010027885437, 0.5715598225593567, 0.5532011985778809, 0.5350431561470032, 0.5888936996459961, 0.6750025749206543, 0.6735495567321778, 0.7102779388427733, 0.5586883187294006, 0.6531878352165222, 0.5973727226257324, 0.5978916883468628, 0.6506179928779602, 0.7051782131195069, 0.8001633405685425, 0.0, 0.7812335252761841, 0.7805575251579285, 0.7988128542900086, 0.7960779309272766, 0.7256245493888855, 0.7072167158126831, 0.6378820657730102, 0.5330227017402649, 0.6738296270370483, 0.5924859046936035, 0.6263478755950928, 0.5930308103561401, 0.652048397064209, 0.6317707180976868, 0.6788233041763305, 0.5638491868972778, 0.6423806428909301, 0.6077965259552002, 0.594358491897583, 0.6062075376510621, 0.5981525182723999], [0.7189818501472474, 0.659551990032196, 0.6769719243049622, 0.7013391137123108, 0.7051063418388366, 0.6946991443634033, 0.6474925994873048, 0.7008264183998109, 0.6609773516654968, 0.6116228699684143, 0.6423534393310547, 0.6330695390701293, 0.6768671035766601, 0.728852379322052, 0.726780891418457, 0.7329921007156373, 0.6201858401298523, 0.6512091159820557, 0.6876890182495118, 0.6493576169013977, 0.6926631331443787, 0.742468512058258, 0.7517549276351929, 0.7812335252761841, 0.0, 0.7544527530670165, 0.7100675344467163, 0.7230845212936401, 0.6436247587203979, 0.6581692099571228, 0.7202312111854554, 0.6507914900779724, 0.775678539276123, 0.7032342910766601, 0.7032055377960206, 0.7338463783264161, 0.6724649667739868, 0.6981069564819335, 0.7216262936592102, 0.6549636244773864, 0.6537644982337952, 0.6089858174324035, 0.6894052743911743, 0.6706640601158141, 0.6761535286903382], [0.7617192149162292, 0.7353506088256836, 0.7388897776603698, 0.8112384796142578, 0.7701553106307983, 0.76585453748703, 0.7065823197364807, 0.771766209602356, 0.7467630743980408, 0.6590199708938599, 0.669959044456482, 0.640454614162445, 0.6536186099052429, 0.7581695675849914, 0.7070984721183777, 0.7252946734428406, 0.6239358186721802, 0.6674866080284119, 0.6364899635314941, 0.661668026447296, 0.7167535662651062, 0.7480118513107299, 0.7575376629829407, 0.7805575251579285, 0.7544527530670165, 0.0, 0.7992206573486329, 0.7929775357246399, 0.7520160794258117, 0.7302508234977723, 0.7411110043525696, 0.6180686473846435, 0.7173884510993958, 0.6804280281066895, 0.6823886275291443, 0.6668892860412597, 0.7557581663131714, 0.6976141810417175, 0.7370280265808106, 0.719155752658844, 0.7495664000511169, 0.6717860341072083, 0.6845731377601623, 0.7109111785888672, 0.6874512791633606], [0.7327343344688415, 0.7393337011337281, 0.7648223042488098, 0.8112409234046937, 0.8513600945472718, 0.8198972582817078, 0.7381402611732484, 0.749853003025055, 0.6603372454643249, 0.6330852031707763, 0.6323500633239746, 0.6000113487243652, 0.6433870315551757, 0.7362746119499206, 0.7200868606567382, 0.6945154070854187, 0.6185856103897094, 0.6930125594139098, 0.6299757599830627, 0.6913711786270141, 0.7311170697212219, 0.7621262192726135, 0.7714166402816773, 0.7988128542900086, 0.7100675344467163, 0.7992206573486329, 0.0, 0.8579772710800171, 0.785968816280365, 0.7942869424819947, 0.690060019493103, 0.5768516540527344, 0.7109076619148254, 0.662498414516449, 0.6454818606376648, 0.6240262985229492, 0.7422531604766845, 0.6758409738540649, 0.7257008910179138, 0.5922019481658936, 0.7468400835990906, 0.6715970396995545, 0.6272944331169128, 0.6365625739097596, 0.6491739749908447], [0.7421059608459473, 0.7178971409797669, 0.7872107148170471, 0.8686134338378907, 0.8513025283813477, 0.7708295583724976, 0.6842185378074646, 0.7449455261230469, 0.6424588441848755, 0.6630041360855102, 0.6199977040290832, 0.5801144003868103, 0.6198441982269287, 0.7120701909065246, 0.7154219746589661, 0.7046857237815858, 0.6110543608665466, 0.6402083277702332, 0.6098969936370849, 0.6440880775451661, 0.7431426405906677, 0.7746571183204651, 0.8021709084510803, 0.7960779309272766, 0.7230845212936401, 0.7929775357246399, 0.8579772710800171, 0.0, 0.7295058488845826, 0.7373134970664978, 0.6651241064071656, 0.5900270700454712, 0.7357615947723388, 0.6617053747177124, 0.6735390663146973, 0.6313298225402832, 0.7039510011672974, 0.6591010689735413, 0.6909738898277282, 0.5978173017501831, 0.7215142607688904, 0.6211301326751708, 0.6207585453987121, 0.6301691412925721, 0.6409066438674926], [0.6956284284591674, 0.6827151775360107, 0.7002667188644409, 0.694901168346405, 0.7908128023147584, 0.8176584959030151, 0.8160537838935852, 0.7586113691329955, 0.710772716999054, 0.6747987151145936, 0.6419076323509216, 0.6235775351524353, 0.6900651335716248, 0.752812135219574, 0.7731794714927673, 0.7462905764579773, 0.6799189567565918, 0.7826738953590393, 0.6588739156723022, 0.7292404055595398, 0.6993932604789734, 0.7453524947166443, 0.6582980394363404, 0.7256245493888855, 0.6436247587203979, 0.7520160794258117, 0.785968816280365, 0.7295058488845826, 0.0, 0.8709043979644775, 0.7024659872055053, 0.6051225066184998, 0.7021358609199524, 0.6734793066978455, 0.6920201897621154, 0.6556532979011536, 0.7249622344970703, 0.6479543805122375, 0.7017654418945313, 0.6012114405632019, 0.7244707584381103, 0.7145701766014099, 0.6168748617172242, 0.6395995616912842, 0.6358211994171142], [0.6645620346069336, 0.7017404675483704, 0.6916040539741516, 0.6906986594200134, 0.7854880094528198, 0.8912285566329956, 0.8027237415313722, 0.7194236993789673, 0.6861495852470397, 0.6780996680259704, 0.6388264775276185, 0.6600778698921204, 0.6806934118270873, 0.7719581961631775, 0.7737752676010132, 0.7227448344230651, 0.7055634498596192, 0.7453545570373535, 0.6661807417869567, 0.7710724830627442, 0.7045726656913758, 0.7303122639656067, 0.6615984082221985, 0.7072167158126831, 0.6581692099571228, 0.7302508234977723, 0.7942869424819947, 0.7373134970664978, 0.8709043979644775, 0.0, 0.673431944847107, 0.5761108636856079, 0.6997484683990478, 0.655985414981842, 0.6281844735145569, 0.6625550746917724, 0.7012862920761108, 0.67653968334198, 0.7408745527267456, 0.5650763750076293, 0.7709149360656737, 0.7087374567985535, 0.6069711446762085, 0.6188974261283874, 0.6231062293052674], [0.5856822967529296, 0.7473083257675172, 0.6511182188987732, 0.656096076965332, 0.6828688383102417, 0.6693893432617187, 0.665412700176239, 0.7609305024147034, 0.6826606869697571, 0.734778106212616, 0.8137231826782227, 0.7897490739822388, 0.770558738708496, 0.812832510471344, 0.7578656196594238, 0.7365996479988097, 0.7317038893699647, 0.7243290185928345, 0.7377068996429443, 0.7656349062919616, 0.8235549092292787, 0.7535316467285156, 0.6299323678016662, 0.6378820657730102, 0.7202312111854554, 0.7411110043525696, 0.690060019493103, 0.6651241064071656, 0.7024659872055053, 0.673431944847107, 0.0, 0.814478325843811, 0.8495176672935486, 0.8405217409133912, 0.8139564275741576, 0.8161186695098877, 0.8526151180267334, 0.8489314794540405, 0.8549828171730042, 0.8549778461456299, 0.7737060546875, 0.761958634853363, 0.8451830625534058, 0.8539291620254517, 0.8571893811225891], [0.5020773410797119, 0.6495256900787353, 0.584299623966217, 0.5701063513755799, 0.5528046607971191, 0.5670475602149962, 0.5602044701576233, 0.6433333277702331, 0.6067324876785278, 0.6978874683380126, 0.8167633652687073, 0.7362778663635254, 0.738742470741272, 0.7454568982124328, 0.7205737829208374, 0.6825409770011901, 0.7151344299316407, 0.6571136474609375, 0.7327882289886475, 0.7134230732917786, 0.766584599018097, 0.6687164902687073, 0.5516007423400879, 0.5330227017402649, 0.6507914900779724, 0.6180686473846435, 0.5768516540527344, 0.5900270700454712, 0.6051225066184998, 0.5761108636856079, 0.814478325843811, 0.0, 0.7929072141647339, 0.8129958629608154, 0.8316741943359375, 0.7938711643218994, 0.705457329750061, 0.7574679255485535, 0.7723654508590698, 0.7616223216056823, 0.6624892950057983, 0.6927576422691346, 0.7868876934051513, 0.7899827480316163, 0.7976869940757751], [0.6260233998298645, 0.7625970721244812, 0.6982121229171754, 0.6899900555610657, 0.7115492224693298, 0.6966948390007018, 0.6789892196655274, 0.7723035573959351, 0.7057064175605774, 0.7497479319572449, 0.7881966590881349, 0.7615243315696716, 0.8252348065376282, 0.8312702894210815, 0.8479581117630004, 0.8008334159851074, 0.7404636263847352, 0.7694082498550415, 0.8169979214668275, 0.8230749607086182, 0.8390055656433106, 0.7987666130065918, 0.6724531054496765, 0.6738296270370483, 0.775678539276123, 0.7173884510993958, 0.7109076619148254, 0.7357615947723388, 0.7021358609199524, 0.6997484683990478, 0.8495176672935486, 0.7929072141647339, 0.0, 0.8848713517189026, 0.8618704438209533, 0.8923939228057861, 0.7989234685897828, 0.7818094849586488, 0.8000755429267883, 0.7521668791770935, 0.7514722108840942, 0.7094265460968017, 0.8141556859016419, 0.7971859812736511, 0.8194776177406311], [0.5682053565979004, 0.717862355709076, 0.6515087485313416, 0.6307519793510437, 0.6512914776802063, 0.6436828017234802, 0.6305690765380859, 0.700946855545044, 0.6804971456527711, 0.7543429970741271, 0.8325731992721558, 0.7446814894676208, 0.79314626455307, 0.7921024799346923, 0.7929860591888428, 0.7731422185897827, 0.7783752799034118, 0.7609939694404602, 0.7807429909706115, 0.7658318161964416, 0.814041268825531, 0.751393449306488, 0.6015845179557799, 0.5924859046936035, 0.7032342910766601, 0.6804280281066895, 0.662498414516449, 0.6617053747177124, 0.6734793066978455, 0.655985414981842, 0.8405217409133912, 0.8129958629608154, 0.8848713517189026, 0.0, 0.8604931831359863, 0.8416259288787842, 0.7506277561187744, 0.7499544501304627, 0.75404714345932, 0.7538978815078736, 0.7037279486656188, 0.7043881893157958, 0.7735621929168701, 0.7863981485366822, 0.7889104604721069], [0.6025529623031616, 0.6816964507102966, 0.665633225440979, 0.6216931819915772, 0.666916537284851, 0.6167985200881958, 0.6413097500801086, 0.7213235974311828, 0.6881124973297119, 0.7562984824180603, 0.8062767863273621, 0.7142438054084778, 0.7808408260345459, 0.7967981219291687, 0.7907632231712342, 0.7806698322296143, 0.7556628704071044, 0.7715115189552306, 0.779141902923584, 0.7362860918045044, 0.7989752888679504, 0.7580374360084533, 0.6390918850898742, 0.6263478755950928, 0.7032055377960206, 0.6823886275291443, 0.6454818606376648, 0.6735390663146973, 0.6920201897621154, 0.6281844735145569, 0.8139564275741576, 0.8316741943359375, 0.8618704438209533, 0.8604931831359863, 0.0, 0.8298763751983642, 0.7289665818214417, 0.7144933819770812, 0.7359555959701538, 0.7718032121658325, 0.6846837639808654, 0.693180513381958, 0.7883576154708862, 0.7750694751739502, 0.7658390641212464], [0.5675321340560913, 0.7251162290573121, 0.6375020503997803, 0.5972602486610412, 0.6340348839759826, 0.6575806736946106, 0.6498626708984374, 0.7249948143959045, 0.642708134651184, 0.7084542632102966, 0.7781879305839539, 0.7667390942573548, 0.7890233516693115, 0.7815641522407533, 0.7884271621704102, 0.7476479053497315, 0.7383027911186218, 0.7348420977592468, 0.8161808967590332, 0.7987750887870789, 0.7731756687164306, 0.7320734977722168, 0.6073891401290894, 0.5930308103561401, 0.7338463783264161, 0.6668892860412597, 0.6240262985229492, 0.6313298225402832, 0.6556532979011536, 0.6625550746917724, 0.8161186695098877, 0.7938711643218994, 0.8923939228057861, 0.8416259288787842, 0.8298763751983642, 0.0, 0.7122032165527343, 0.7465905785560608, 0.7709993958473206, 0.7188035249710083, 0.7103955864906311, 0.6781433463096618, 0.7870032787322998, 0.7683225631713868, 0.7963279604911804], [0.6172414541244506, 0.7569573521614075, 0.6558052897453308, 0.7387626886367799, 0.7155985116958619, 0.680567753314972, 0.6563366889953614, 0.7908096671104431, 0.7087276458740234, 0.6616402268409729, 0.7094679832458496, 0.6770304918289184, 0.7059298515319824, 0.7568398475646972, 0.7138187885284424, 0.6880102038383483, 0.6556316971778869, 0.6910181403160095, 0.6810665249824525, 0.7415597915649415, 0.7511966228485107, 0.7266973257064819, 0.633736538887024, 0.652048397064209, 0.6724649667739868, 0.7557581663131714, 0.7422531604766845, 0.7039510011672974, 0.7249622344970703, 0.7012862920761108, 0.8526151180267334, 0.705457329750061, 0.7989234685897828, 0.7506277561187744, 0.7289665818214417, 0.7122032165527343, 0.0, 0.7817460536956787, 0.7809466361999512, 0.8085021018981934, 0.8127031445503234, 0.7490401029586792, 0.8057189583778381, 0.8005564332008361, 0.7932165622711183], [0.5729150772094727, 0.73136305809021, 0.6357266187667847, 0.6664831399917602, 0.6370716691017151, 0.6732020020484925, 0.6335263013839721, 0.6965502023696899, 0.6640528321266175, 0.7082326650619507, 0.7550386071205138, 0.7601852178573609, 0.7443159818649292, 0.7926777124404907, 0.7512681484222412, 0.7045115232467651, 0.7017494082450866, 0.6715353965759278, 0.7248594403266907, 0.7712740778923034, 0.8160785436630249, 0.6888028979301453, 0.6062283039093017, 0.6317707180976868, 0.6981069564819335, 0.6976141810417175, 0.6758409738540649, 0.6591010689735413, 0.6479543805122375, 0.67653968334198, 0.8489314794540405, 0.7574679255485535, 0.7818094849586488, 0.7499544501304627, 0.7144933819770812, 0.7465905785560608, 0.7817460536956787, 0.0, 0.9072748899459839, 0.7744911193847657, 0.7765791177749634, 0.756078839302063, 0.7917890787124634, 0.8103270530700684, 0.817936360836029], [0.6081307291984558, 0.7455180048942566, 0.6879077434539795, 0.6740597128868103, 0.6904422283172607, 0.7382890462875366, 0.6916077971458434, 0.7436332345008849, 0.6791332125663758, 0.7170084714889526, 0.7680385112762451, 0.7796653747558594, 0.7287217617034911, 0.8038881897926331, 0.7540827870368958, 0.7163064360618592, 0.7115168571472168, 0.7044022440910339, 0.706157648563385, 0.7844025254249574, 0.8094735503196717, 0.7380681037902832, 0.6577142715454101, 0.6788233041763305, 0.7216262936592102, 0.7370280265808106, 0.7257008910179138, 0.6909738898277282, 0.7017654418945313, 0.7408745527267456, 0.8549828171730042, 0.7723654508590698, 0.8000755429267883, 0.75404714345932, 0.7359555959701538, 0.7709993958473206, 0.7809466361999512, 0.9072748899459839, 0.0, 0.7563561201095581, 0.8159988641738891, 0.7984503865242005, 0.8012921094894409, 0.8212870001792907, 0.8224818706512451], [0.5622594356536865, 0.6750757455825807, 0.6095956563949585, 0.6169037461280823, 0.5825649976730347, 0.5759554624557495, 0.5582329392433166, 0.7056095480918885, 0.7430374622344971, 0.6910640954971313, 0.7780869603157043, 0.741228723526001, 0.6807758331298828, 0.7483643293380737, 0.6433351516723633, 0.7007130026817322, 0.690322756767273, 0.6696646571159363, 0.6689117193222046, 0.6724756360054016, 0.7235965847969055, 0.6494263052940369, 0.5802850604057312, 0.5638491868972778, 0.6549636244773864, 0.719155752658844, 0.5922019481658936, 0.5978173017501831, 0.6012114405632019, 0.5650763750076293, 0.8549778461456299, 0.7616223216056823, 0.7521668791770935, 0.7538978815078736, 0.7718032121658325, 0.7188035249710083, 0.8085021018981934, 0.7744911193847657, 0.7563561201095581, 0.0, 0.7658783912658691, 0.7166122674942017, 0.843256139755249, 0.8493252635002135, 0.7818823099136352], [0.613895857334137, 0.7784426331520081, 0.7229187726974488, 0.7261229753494263, 0.7025399804115295, 0.757811450958252, 0.6622134685516358, 0.7794967412948608, 0.745853292942047, 0.7145208358764649, 0.680059278011322, 0.7528969287872315, 0.6555603623390197, 0.737687623500824, 0.6698334097862244, 0.6886271715164184, 0.6720415830612182, 0.6949354648590087, 0.6521674394607544, 0.7513013362884521, 0.740215516090393, 0.7167886853218078, 0.6418567299842834, 0.6423806428909301, 0.6537644982337952, 0.7495664000511169, 0.7468400835990906, 0.7215142607688904, 0.7244707584381103, 0.7709149360656737, 0.7737060546875, 0.6624892950057983, 0.7514722108840942, 0.7037279486656188, 0.6846837639808654, 0.7103955864906311, 0.8127031445503234, 0.7765791177749634, 0.8159988641738891, 0.7658783912658691, 0.0, 0.7728580832481384, 0.7319307327270508, 0.7724460124969482, 0.7333123922348023], [0.5392041087150574, 0.7401499152183533, 0.6385636329650879, 0.6122856259346008, 0.6216308116912842, 0.7005838513374328, 0.6827036619186402, 0.7477794885635376, 0.6782916069030762, 0.6946962714195252, 0.6763411521911621, 0.7298211216926574, 0.6637179255485535, 0.69455406665802, 0.6890575766563416, 0.6915213942527771, 0.7404628157615663, 0.7165215015411377, 0.6786173224449157, 0.7333436608314514, 0.7266262650489806, 0.6870087385177612, 0.5543174386024474, 0.6077965259552002, 0.6089858174324035, 0.6717860341072083, 0.6715970396995545, 0.6211301326751708, 0.7145701766014099, 0.7087374567985535, 0.761958634853363, 0.6927576422691346, 0.7094265460968017, 0.7043881893157958, 0.693180513381958, 0.6781433463096618, 0.7490401029586792, 0.756078839302063, 0.7984503865242005, 0.7166122674942017, 0.7728580832481384, 0.0, 0.721697986125946, 0.7581189155578613, 0.7354437947273255], [0.5748101353645325, 0.6873199701309205, 0.628304374217987, 0.6309199571609496, 0.6237020373344422, 0.6019579529762268, 0.5772390246391297, 0.7007806181907654, 0.6611659765243529, 0.7176023602485656, 0.7611801743507386, 0.698019802570343, 0.7113089680671691, 0.7675345301628113, 0.718991494178772, 0.6900507926940918, 0.7110702633857726, 0.665872848033905, 0.7309546351432801, 0.7389328122138976, 0.7604938983917235, 0.6902909398078918, 0.6153969526290893, 0.594358491897583, 0.6894052743911743, 0.6845731377601623, 0.6272944331169128, 0.6207585453987121, 0.6168748617172242, 0.6069711446762085, 0.8451830625534058, 0.7868876934051513, 0.8141556859016419, 0.7735621929168701, 0.7883576154708862, 0.7870032787322998, 0.8057189583778381, 0.7917890787124634, 0.8012921094894409, 0.843256139755249, 0.7319307327270508, 0.721697986125946, 0.0, 0.9169023513793946, 0.8622497677803039], [0.5813289880752563, 0.7056650161743163, 0.6410960197448731, 0.6434782266616821, 0.6235060453414917, 0.6285474300384521, 0.5996044874191284, 0.6945161938667297, 0.7070567607879639, 0.7293131947517395, 0.7696189165115356, 0.7359071493148803, 0.688240134716034, 0.7535914421081543, 0.7028537511825561, 0.7210237741470337, 0.7291372418403625, 0.6778610825538636, 0.6935122013092041, 0.7324359893798827, 0.7669264674186707, 0.6642354011535644, 0.5997943520545959, 0.6062075376510621, 0.6706640601158141, 0.7109111785888672, 0.6365625739097596, 0.6301691412925721, 0.6395995616912842, 0.6188974261283874, 0.8539291620254517, 0.7899827480316163, 0.7971859812736511, 0.7863981485366822, 0.7750694751739502, 0.7683225631713868, 0.8005564332008361, 0.8103270530700684, 0.8212870001792907, 0.8493252635002135, 0.7724460124969482, 0.7581189155578613, 0.9169023513793946, 0.0, 0.8699939250946045], [0.5288898348808289, 0.7038574934005737, 0.6057873129844665, 0.6291916728019714, 0.6319135427474976, 0.6262417316436768, 0.6226048707962035, 0.7105093240737915, 0.6154634714126587, 0.7090667128562927, 0.7574530720710754, 0.7349452018737793, 0.7134522557258607, 0.7619436860084534, 0.7427363395690918, 0.6858990907669067, 0.6776681303977966, 0.6475939631462098, 0.7405784368515014, 0.7592610359191894, 0.8110483884811401, 0.6981691122055054, 0.5784752130508423, 0.5981525182723999, 0.6761535286903382, 0.6874512791633606, 0.6491739749908447, 0.6409066438674926, 0.6358211994171142, 0.6231062293052674, 0.8571893811225891, 0.7976869940757751, 0.8194776177406311, 0.7889104604721069, 0.7658390641212464, 0.7963279604911804, 0.7932165622711183, 0.817936360836029, 0.8224818706512451, 0.7818823099136352, 0.7333123922348023, 0.7354437947273255, 0.8622497677803039, 0.8699939250946045, 0.0]]